{
    "calibrationDate": "2018-10-08 15:32:40.781436",
    "cameraResolution": {
        "type_id": "opencv-matrix",
        "rows": 2,
        "cols": 1,
        "dt": "d",
        "data": [ 720.0, 1280.0 ]
    },
    "cameraMatrix": {
        "type_id": "opencv-matrix",
        "rows": 3,
        "cols": 3,
        "dt": "d",
        "data": [ 1.0036890509044972e+03, 0.0, 6.3670897816398144e+02,
            0.0, 1.0036890509044972e+03, 4.1429682375533667e+02, 0.0,
            0.0, 1.0 ]
    },
    "dist_coeffs": {
        "type_id": "opencv-matrix",
        "rows": 14,
        "cols": 1,
        "dt": "d",
        "data": [ -8.5188812484719122e-03, -4.4933351860255627e-01,
            5.7140445300074899e-03, -1.2610711736297426e-03,
            2.6073694779700285e-01, -1.3493827802828759e-01,
            1.0285916634349823e-01, -3.4395347152192784e-01, 0.0, 0.0,
            0.0, 0.0, 0.0, 0.0 ]
    }
}
