<?xml version="1.0"?>
<opencv_storage>
<CameraMatrix type_id="opencv-matrix">
  <rows>3</rows>
  <cols>4</cols>
  <dt>d</dt>
  <data>
    1. 0. 0. 0. 0. 1. 0. 0. 0. 0. 1. 0.</data></CameraMatrix>
<Intrinsics type_id="opencv-matrix">
  <rows>3</rows>
  <cols>3</cols>
  <dt>d</dt>
  <data>
    2.5190296286059706e+03 0. 6.8262711798034582e+02 0.
    2.5173966277815634e+03 5.2610166531132131e+02 0. 0. 1.</data></Intrinsics>
<Distortion type_id="opencv-matrix">
  <rows>8</rows>
  <cols>1</cols>
  <dt>d</dt>
  <data>
    -6.8342831150874883e-01 4.1219573797204177e+01
    -9.4593202375319197e-03 -1.9246519181344207e-02
    5.6781454222653610e+02 9.7374073817476259e-01 2.3622041096227374e+01
    7.6402715762861374e+02</data></Distortion>
</opencv_storage>
