<?xml version="1.0"?>
<opencv_storage>
<CameraMatrix type_id="opencv-matrix">
  <rows>3</rows>
  <cols>4</cols>
  <dt>d</dt>
  <data>
    9.0208230725757932e-01 -2.9102426381812242e-02
    4.3058165278090221e-01 -1.3609990403909840e+00
    9.3947013505841281e-02 9.8703875578159572e-01
    -1.3010938950918449e-01 4.1587256522273949e-02
    -4.2121427989347127e-01 1.5782123863349512e-01
    8.9312428421245715e-01 7.3808612629077830e-01</data></CameraMatrix>
<Intrinsics type_id="opencv-matrix">
  <rows>3</rows>
  <cols>3</cols>
  <dt>d</dt>
  <data>
    1.3515637207031250e+03 0. 6.6185534667968750e+02 0.
    1.3574169921875000e+03 5.3975592041015625e+02 0. 0. 1.</data></Intrinsics>
<Distortion type_id="opencv-matrix">
  <rows>4</rows>
  <cols>1</cols>
  <dt>d</dt>
  <data>
    -4.1849634051322937e-01 2.5624269247055054e-01
    -6.4104846387635916e-05 -1.6572237946093082e-03</data></Distortion>
</opencv_storage>
