<?xml version="1.0"?>
<opencv_storage>
<CameraMatrix type_id="opencv-matrix">
  <rows>3</rows>
  <cols>4</cols>
  <dt>d</dt>
  <data>
    1. 0. 0. 0. 0. 1. 0. 0. 0. 0. 1. 0.</data></CameraMatrix>
<Intrinsics type_id="opencv-matrix">
  <rows>3</rows>
  <cols>3</cols>
  <dt>d</dt>
  <data>
    1.7493516874556797e+04 0. 6.2257988687315344e+02 0.
    9.4785119054217794e+03 5.5347137462907267e+02 0. 0. 1.</data></Intrinsics>
<Distortion type_id="opencv-matrix">
  <rows>8</rows>
  <cols>1</cols>
  <dt>d</dt>
  <data>
    -6.9219150298364918e+00 -1.2991824402572118e+04
    -8.5551231831666785e-01 1.7677065347656679e-01
    -4.7452213539911456e+00 -6.4539126505931321e-01
    -1.2060399144254858e+04 -8.3442993985822300e-01</data></Distortion>
</opencv_storage>
