<?xml version="1.0"?>
<opencv_storage>
<CameraMatrix type_id="opencv-matrix">
  <rows>3</rows>
  <cols>4</cols>
  <dt>d</dt>
  <data>
    1. 0. 0. 0. 0. 1. 0. 0. 0. 0. 1. 0.</data></CameraMatrix>
<Intrinsics type_id="opencv-matrix">
  <rows>3</rows>
  <cols>3</cols>
  <dt>d</dt>
  <data>
    5.9973516814062523e+03 0. 6.2144687812078723e+02 0.
    5.9989709789228045e+03 5.4651674971149521e+02 0. 0. 1.</data></Intrinsics>
<Distortion type_id="opencv-matrix">
  <rows>8</rows>
  <cols>1</cols>
  <dt>d</dt>
  <data>
    -6.7690609605681029e+00 1.6201505715653565e+02
    -5.5881351528189689e-02 -2.4346076536304442e-01
    -9.0800414231471877e+03 7.6102771751375045e+00
    -3.3597185249448955e+02 -2.7753763068363769e+03</data></Distortion>
</opencv_storage>
