<?xml version="1.0"?>
<opencv_storage>
<CameraMatrix type_id="opencv-matrix">
  <rows>3</rows>
  <cols>4</cols>
  <dt>d</dt>
  <data>
    1. 0. 0. 0. 0. 1. 0. 0. 0. 0. 1. 0.</data></CameraMatrix>
<Intrinsics type_id="opencv-matrix">
  <rows>3</rows>
  <cols>3</cols>
  <dt>d</dt>
  <data>
    2.2195254859490242e+03 0. 6.3119334213807008e+02 0.
    2.2105500545458722e+03 5.0709813305241295e+02 0. 0. 1.</data></Intrinsics>
<Distortion type_id="opencv-matrix">
  <rows>8</rows>
  <cols>1</cols>
  <dt>d</dt>
  <data>
    3.4069244650104196e+02 -8.2614727011352954e+01
    5.3855571633968161e-04 -4.2653581669292165e-04
    1.4468460112128241e+03 3.4158730281758454e+02 3.1853232774633369e+01
    1.5112610673008874e+03</data></Distortion>
</opencv_storage>
