<?xml version="1.0"?>
<opencv_storage>
<CameraMatrix type_id="opencv-matrix">
  <rows>3</rows>
  <cols>4</cols>
  <dt>d</dt>
  <data>
    1. 0. 0. 0. 0. 1. 0. 0. 0. 0. 1. 0.</data></CameraMatrix>
<Intrinsics type_id="opencv-matrix">
  <rows>3</rows>
  <cols>3</cols>
  <dt>d</dt>
  <data>
    2.5191779220777134e+03 0. 6.3715983125448088e+02 0.
    2.5082410018870178e+03 5.1293077593359965e+02 0. 0. 1.</data></Intrinsics>
<Distortion type_id="opencv-matrix">
  <rows>8</rows>
  <cols>1</cols>
  <dt>d</dt>
  <data>
    -9.7930493591219814e-01 8.0229628811573428e-01
    -3.2201900741364179e-03 -2.1973102707848599e-03
    -5.1297583752902312e+01 1.2366991332433244e+00
    -5.7046261715438291e+00 -4.8663795827096678e+01</data></Distortion>
</opencv_storage>
