<?xml version="1.0"?>
<opencv_storage>
<CameraMatrix type_id="opencv-matrix">
  <rows>3</rows>
  <cols>4</cols>
  <dt>d</dt>
  <data>
    1. 0. 0. 0. 0. 1. 0. 0. 0. 0. 1. 0.</data></CameraMatrix>
<Intrinsics type_id="opencv-matrix">
  <rows>3</rows>
  <cols>3</cols>
  <dt>d</dt>
  <data>
    1.8027508651843830e+03 0. 6.4183885882085190e+02 0.
    1.7514175495358156e+03 5.4673564381299752e+02 0. 0. 1.</data></Intrinsics>
<Distortion type_id="opencv-matrix">
  <rows>8</rows>
  <cols>1</cols>
  <dt>d</dt>
  <data>
    -5.0159185255507155e-01 -5.0068965855143022e-01
    1.2268685373223332e-02 -1.4275359148201494e-02
    -1.3943372576359101e+01 6.2879236779470271e-01
    -4.2344337871622084e-01 -2.2232135430695745e+01</data></Distortion>
</opencv_storage>
