<?xml version="1.0"?>
<opencv_storage>
<CameraMatrix type_id="opencv-matrix">
  <rows>3</rows>
  <cols>4</cols>
  <dt>d</dt>
  <data>
    8.6182423177752765e-01 9.2365614963480780e-02
    -4.9872596352455129e-01 1.4962586538184854e+00
    -1.3722739884753807e-01 9.8906887675602162e-01
    -5.3957372416754107e-02 -2.1298977473255817e-01
    4.8829052266720557e-01 1.1494063774400942e-01 8.6507861796971230e-01
    1.8544227437140977e+00</data></CameraMatrix>
<Intrinsics type_id="opencv-matrix">
  <rows>3</rows>
  <cols>3</cols>
  <dt>d</dt>
  <data>
    1.4512408447265625e+03 0. 6.2678826904296875e+02 0.
    1.4474798583984375e+03 5.0415841674804688e+02 0. 0. 1.</data></Intrinsics>
<Distortion type_id="opencv-matrix">
  <rows>4</rows>
  <cols>1</cols>
  <dt>d</dt>
  <data>
    -4.0553498268127441e-01 2.4542711675167084e-01
    -5.2636169129982591e-04 -2.1352977491915226e-03</data></Distortion>
</opencv_storage>
